1. 31240109
2. 41023109
3. 41023155
4. 41023232
5. 41023250
6. 41028142
7. 41123102
8. 41123105
9. 41123107
10. 41123111
11. 41123115
12. 41123117
13. 41123119
14. 41123123
15. 41123126
16. 41123128
17. 41123130
18. 41123144
19. 41123153
20. 41323101
21. 41323102
22. 41323103
23. 41323104
24. 41323105
25. 41323106
26. 41323107
27. 41323109
28. 41323116
29. 41323117
30. 41323120
31. 41323121
32. 41323122
33. 41323124
34. 41323125
35. 41323127
36. 41323128
37. 41323133
38. 41323135
39. 41323137
40. 41323139
41. 41323140
42. 41323142
43. 41323143
44. 41323145
45. 41323147
46. 41323148
47. 41323149
48. 41323150
49. 41323152
50. 41323153
51. 41323217